Max=2.0211892990699383
Min=1.3010299956639813
